[array([-0.02177582,  0.0524563 ,  0.05646058, -0.10671541, -0.07962677,
        0.05363179,  0.03451945, -0.07724965,  0.2017926 , -0.14179419,
        0.17096604,  0.03422388, -0.24666837, -0.04310042,  0.03731528,
        0.13917485, -0.11341204, -0.18154153, -0.10186668, -0.07145884,
       -0.04640008,  0.02390597,  0.01615162,  0.05390606, -0.22170138,
       -0.26959392, -0.05534372, -0.08493528, -0.03700232, -0.0380435 ,
        0.01404652,  0.1359783 , -0.14396444,  0.00719382,  0.08809134,
        0.12678711, -0.10335091, -0.06980702,  0.21145627, -0.01521622,
       -0.22219628, -0.08162822,  0.07627773,  0.20898765,  0.18157203,
        0.0158264 ,  0.02668454, -0.03726493,  0.08371486, -0.28183544,
        0.09772161,  0.10612917,  0.03322133,  0.09082783,  0.03551808,
       -0.16543882,  0.00675781,  0.11457765, -0.20417021, -0.00982113,
        0.05170621, -0.19126797, -0.1035862 , -0.07953043,  0.19998327,
        0.15622082, -0.13571154, -0.16744077,  0.19720539, -0.23285626,
       -0.06659956,  0.10007133, -0.10057931, -0.13818248, -0.24216491,
       -0.00227203,  0.40282518,  0.21015458, -0.09599248, -0.00142703,
       -0.03084884,  0.00049311,  0.03515211,  0.12527944, -0.03499228,
       -0.01616485, -0.00624157,  0.02872673,  0.20301974, -0.00263266,
       -0.07281397,  0.17408684,  0.00913999,  0.01364253,  0.01503135,
       -0.02941559, -0.04136343, -0.01323625, -0.13401315,  0.00293464,
       -0.04544195, -0.01139113,  0.03229044,  0.13174503, -0.13937321,
        0.19640969, -0.02378472, -0.03606758,  0.04129396,  0.0378611 ,
       -0.09145527, -0.10073197,  0.14623523, -0.27110955,  0.11009808,
        0.1488352 ,  0.03470767,  0.14163354,  0.06811322,  0.1172111 ,
        0.03349773, -0.03377996, -0.22454074, -0.06622457,  0.0838857 ,
       -0.05437604,  0.11046356,  0.01105378]), array([-0.13123339,  0.06674199,  0.0143431 , -0.06033622, -0.10062517,
       -0.07193275, -0.05527491, -0.06558524,  0.17154576, -0.13768174,
        0.13166897, -0.07131018, -0.16403957, -0.0241686 , -0.10847417,
        0.12821925, -0.13483708, -0.19027852, -0.01036017,  0.03135512,
        0.07349294, -0.03295558,  0.03069384,  0.12348618, -0.13723099,
       -0.36762309, -0.07173818, -0.10338676,  0.00868703, -0.06218938,
       -0.03262745,  0.01897791, -0.22770369, -0.10233989, -0.00265716,
        0.16540381,  0.01101388, -0.04692823,  0.22134377, -0.03129541,
       -0.30242106, -0.02728441,  0.11277893,  0.29639885,  0.22136158,
       -0.00767358,  0.00882063, -0.08109142,  0.10843849, -0.30797821,
        0.03486042,  0.11834154,  0.06281331,  0.03320605,  0.06664709,
       -0.07951924,  0.09037006,  0.09976494, -0.20543341, -0.0181063 ,
        0.08732672,  0.00357242,  0.02590725, -0.00948216,  0.2561456 ,
        0.11062429, -0.0402201 , -0.14611903,  0.23743039, -0.25831819,
       -0.00642318,  0.1065217 , -0.0269023 , -0.18790896, -0.23048565,
       -0.03415827,  0.40207037,  0.23508835, -0.1241743 ,  0.15686157,
       -0.10932571, -0.03340901,  0.12050644,  0.0605639 ,  0.01420261,
        0.11506398, -0.12741062,  0.04944242,  0.24742165,  0.00941676,
        0.02253123,  0.16499837,  0.08084401, -0.01347814,  0.15064567,
        0.04572709, -0.14166051,  0.01931352, -0.28349355, -0.00574831,
       -0.00227594,  0.03337278,  0.01649286,  0.1042494 , -0.17490004,
        0.1422113 , -0.03354981, -0.09792094, -0.03815123,  0.00964697,
       -0.0445053 , -0.05479722,  0.12023136, -0.19305415,  0.12004218,
        0.07894859,  0.0093185 ,  0.15647806,  0.09559155,  0.03939547,
        0.0225291 , -0.07375541, -0.18432947, -0.05492707,  0.03320678,
       -0.08834761,  0.12830475,  0.01664456]), array([-0.10225759,  0.0559247 ,  0.06627052, -0.06154385, -0.13810645,
       -0.00331371, -0.04614268, -0.08087558,  0.1417432 , -0.18745705,
        0.14414383, -0.04781536, -0.2119135 ,  0.11033274, -0.02424195,
        0.16981663, -0.10303096, -0.10444973, -0.04936417, -0.04648255,
        0.04173668,  0.00856241, -0.0331125 ,  0.07655606, -0.12118186,
       -0.31465867, -0.06638743, -0.05841268, -0.03260047, -0.0358884 ,
       -0.00897828,  0.07926675, -0.1340881 ,  0.0578089 , -0.00788412,
        0.14408128, -0.036094  , -0.09006947,  0.1970993 , -0.01591238,
       -0.30257833, -0.01184674,  0.06872549,  0.2053659 ,  0.11009323,
        0.03155881,  0.01464262, -0.05188172,  0.06509593, -0.23109017,
        0.01345376,  0.11478486, -0.01940215,  0.05557925,  0.03517871,
       -0.19302773,  0.07993684,  0.07335146, -0.12502526, -0.00923758,
        0.07319913, -0.10073058,  0.05177636, -0.03800116,  0.31021431,
        0.13077362, -0.10617941, -0.12058159,  0.14314905, -0.20779184,
       -0.07834062,  0.06387641, -0.11065162, -0.17272176, -0.2528331 ,
       -0.00184305,  0.41073999,  0.18610001, -0.14252605,  0.07013952,
       -0.06924812, -0.02911194,  0.19683199,  0.18105116,  0.03325962,
        0.00063823, -0.07517955, -0.02796485,  0.29356068, -0.01995029,
       -0.02938711,  0.22255701,  0.03729539,  0.03771684, -0.02036865,
       -0.00160003, -0.10421231, -0.01561016, -0.11530465, -0.02108509,
       -0.00533476, -0.01128085, -0.03152219,  0.1621422 , -0.23516907,
        0.13773571, -0.02231621, -0.00463918,  0.03026373,  0.10685733,
       -0.10636535, -0.07905602,  0.14035489, -0.2369443 ,  0.14081557,
        0.18644696,  0.02763618,  0.12278561,  0.1425799 ,  0.0845781 ,
        0.0390618 , -0.02527639, -0.25013852, -0.0366644 ,  0.08357102,
       -0.06026023,  0.05351717,  0.05540936]), array([-0.18847258,  0.0356929 ,  0.03283218, -0.0507341 , -0.07110146,
       -0.06279109, -0.00533582, -0.07279941,  0.24081983, -0.09451343,
        0.22453973, -0.06126689, -0.18139222, -0.11162852,  0.02355876,
        0.16493553, -0.15125157, -0.12264205, -0.02250679, -0.05840908,
        0.05467943, -0.01453908,  0.02528975,  0.12998316, -0.1641579 ,
       -0.40919504, -0.04743   , -0.16195288, -0.02269332, -0.08418127,
       -0.0078718 ,  0.09216064, -0.24266231, -0.10419144,  0.01371655,
        0.076115  ,  0.01221234,  0.05944417,  0.20135738,  0.04972524,
       -0.22819428, -0.08069367,  0.03787548,  0.24889377,  0.14860272,
        0.07453875, -0.01199764, -0.06694015,  0.09667505, -0.25516891,
        0.06208563,  0.11207292,  0.11400808, -0.00994208,  0.07928208,
       -0.08791774, -0.03237081,  0.06529288, -0.28733739,  0.05838526,
        0.08781198, -0.04218904, -0.11425845, -0.08334479,  0.23753861,
        0.19760421, -0.11109184, -0.11421394,  0.14171578, -0.18054901,
       -0.04063917,  0.09555937, -0.07764826, -0.22277851, -0.33471081,
        0.01816127,  0.36762545,  0.15432841, -0.18354562, -0.04277156,
       -0.06087918, -0.00178265,  0.11404376,  0.05194656, -0.05175598,
        0.03310719,  0.01737616,  0.03462932,  0.11759285,  0.04233571,
       -0.04719418,  0.18209256, -0.03778252,  0.04601253, -0.01009827,
        0.01920368, -0.06680147, -0.01625019, -0.17518367, -0.02165403,
       -0.00971325,  0.05045328,  0.05944205,  0.07168753, -0.18536161,
        0.09026358, -0.01315117, -0.08864227, -0.03465446,  0.08441531,
       -0.14897983, -0.0747659 ,  0.0934588 , -0.23977639,  0.20171545,
        0.15142699, -0.02407536,  0.136489  ,  0.03359631,  0.02673619,
       -0.01292704, -0.02907901, -0.1288498 , -0.03667775,  0.12722716,
       -0.06198546,  0.11400707, -0.05732807]), array([-7.17704743e-02,  8.37727357e-03,  4.59954217e-02, -4.48969267e-02,
       -8.81792381e-02, -4.96293418e-02, -3.31735685e-02, -1.71345294e-01,
        1.64630339e-01, -1.55740306e-01,  1.72163919e-01, -7.49015510e-02,
       -1.87450022e-01, -3.60086374e-02, -4.23920602e-02,  1.13334805e-01,
       -9.72130075e-02, -2.34535694e-01,  5.82831632e-03, -5.55502102e-02,
        3.97976264e-02, -1.36601645e-02, -9.61904228e-03,  1.14756636e-01,
       -1.88006043e-01, -3.65329415e-01, -8.32318366e-02, -1.15345128e-01,
       -3.87357622e-02, -1.54219400e-02, -3.12398933e-02,  1.10896662e-01,
       -2.52962649e-01,  3.39234248e-03,  2.80206390e-02,  9.93642807e-02,
        1.60853788e-02, -6.84774667e-02,  1.71026081e-01, -2.73272153e-02,
       -2.55543590e-01, -4.86784279e-02,  1.37685314e-01,  1.49429694e-01,
        8.50277841e-02,  1.24825202e-02, -4.72180173e-03, -8.04813057e-02,
        2.86749844e-02, -1.75019816e-01,  7.32843131e-02,  1.55321985e-01,
        1.24844484e-01,  4.33021635e-02,  9.94218513e-03, -1.65382758e-01,
        4.05714065e-02,  2.93483585e-02, -2.46230960e-01, -1.28732994e-03,
        3.27484682e-02, -6.48088083e-02, -1.00052327e-01, -5.05275875e-02,
        2.43010119e-01,  1.88148960e-01, -7.15169832e-02, -1.18363798e-01,
        2.09073827e-01, -2.27123663e-01, -5.26156276e-02,  5.71682081e-02,
       -8.22441801e-02, -1.77853033e-01, -2.32772887e-01, -2.65132673e-02,
        3.49028081e-01,  1.38580844e-01, -1.84598967e-01,  9.14103165e-02,
       -7.87696540e-02, -4.51624766e-03,  2.82715596e-02,  5.86305074e-02,
       -5.87122142e-02,  6.74572736e-02, -5.03532477e-02,  2.81007811e-02,
        1.93026006e-01,  4.04891968e-02, -1.23336669e-02,  1.73883915e-01,
       -8.04045796e-03, -2.59204842e-02,  8.93548876e-02,  4.16370928e-02,
       -9.15956870e-02, -4.32961062e-02, -1.47817045e-01, -4.63757738e-02,
       -9.49809328e-06, -8.73956364e-03, -3.66350599e-02,  1.10719904e-01,
       -2.58776784e-01,  1.25196114e-01, -1.01860203e-02, -1.34023771e-01,
        2.73641907e-02,  6.18293807e-02, -5.10567501e-02, -1.12107240e-01,
        9.38527584e-02, -2.61475891e-01,  1.48689374e-01,  9.48905498e-02,
        2.59723011e-02,  2.10247532e-01,  1.61836725e-02,  9.15890560e-02,
       -2.30286811e-02, -9.71406028e-02, -1.91735178e-01, -9.96738970e-02,
        9.30755585e-02, -8.93763825e-02,  7.27077201e-02,  2.45938264e-02]), array([-1.06678046e-01,  8.15408155e-02, -5.67865856e-02, -4.33969907e-02,
       -1.14355236e-01, -2.69150678e-02, -1.08540177e-01, -1.55332774e-01,
        1.84401929e-01, -7.22942352e-02,  1.39141560e-01,  1.42006408e-02,
       -1.46008104e-01, -8.18583369e-02, -2.48041153e-02,  1.09034427e-01,
       -1.81956828e-01, -2.17482463e-01,  1.36632882e-02, -1.60437450e-02,
       -1.50374323e-02, -2.52142996e-02, -2.11080778e-02,  6.18990473e-02,
       -1.86681062e-01, -3.88290346e-01, -6.09575436e-02, -1.35699198e-01,
       -1.06178313e-01,  2.03153268e-02,  3.28953378e-02,  1.24868557e-01,
       -1.68285772e-01,  2.84047499e-02,  5.15839607e-02,  1.17075175e-01,
        5.42966509e-03,  9.12651271e-02,  1.84811488e-01,  3.39960828e-02,
       -2.66611695e-01,  2.44400408e-02,  6.71011060e-02,  2.39633560e-01,
        2.23837405e-01,  2.19471660e-02,  8.00544396e-03, -7.74588957e-02,
        1.50504544e-01, -1.87501341e-01,  4.01269905e-02,  1.94013253e-01,
        1.22900546e-01,  6.65234774e-03,  4.83555458e-02, -1.27736285e-01,
       -4.88261320e-03,  9.21796188e-02, -1.89410016e-01,  2.59093009e-03,
        2.50578392e-02, -4.92900014e-02, -3.03002689e-02, -4.57797088e-02,
        2.38945082e-01,  1.22361794e-01, -1.17043011e-01, -1.09489128e-01,
        1.28855392e-01, -1.84467718e-01, -8.50438029e-02,  7.79979602e-02,
       -1.22165829e-01, -2.70705700e-01, -2.96852142e-01,  2.51676105e-02,
        4.36700523e-01,  1.68494031e-01, -1.98242441e-01,  4.58399765e-02,
       -3.01869214e-02, -5.95660806e-02,  9.64981467e-02,  1.00118443e-01,
       -5.54349609e-02, -3.25506926e-03, -8.00371990e-02, -3.34358141e-02,
        2.43240640e-01,  3.23956832e-02, -3.28835510e-02,  1.88138694e-01,
       -1.55931525e-02,  1.21170536e-01, -1.29838195e-03,  1.48526952e-02,
       -6.39421791e-02,  7.13894702e-03, -1.65064156e-01, -7.06627220e-02,
       -7.60408044e-02,  2.15922520e-02,  7.96765089e-05,  8.87711197e-02,
       -1.57372952e-01,  1.38676479e-01,  2.35679261e-02,  2.45272554e-03,
       -6.91096410e-02,  8.55215043e-02, -3.05177327e-02, -8.31032172e-02,
        1.29969239e-01, -2.29317278e-01,  1.78686872e-01,  1.14730559e-01,
        4.28782925e-02,  1.82799101e-01,  7.44569078e-02,  7.87516590e-03,
       -4.15614583e-02, -4.82433401e-02, -1.70612946e-01, -1.97310001e-02,
        5.64418696e-02, -6.15097247e-02,  9.16878134e-02,  1.81146450e-02]), array([-0.08916552,  0.03227419,  0.06058418, -0.05774354, -0.08955929,
        0.01507576, -0.04121959, -0.01627228,  0.18538423, -0.13271952,
        0.11150859, -0.06551377, -0.14709342,  0.00282687, -0.01142284,
        0.12117048, -0.15466012, -0.21613637, -0.04584983, -0.03707736,
        0.00637795,  0.03708388, -0.05897515,  0.07166437, -0.22248203,
       -0.38507345, -0.05020043, -0.12464999, -0.03108433, -0.06957365,
       -0.05584905,  0.07805227, -0.22494888, -0.05208533,  0.07670685,
        0.13062984, -0.00509301, -0.03851213,  0.19909364,  0.0562184 ,
       -0.28849629, -0.03704123,  0.05864877,  0.28893718,  0.19831251,
        0.03426879, -0.02160831, -0.06334332,  0.20166829, -0.29116195,
        0.04758408,  0.2147585 ,  0.0435585 ,  0.08497091,  0.09152448,
       -0.07540312,  0.05400953,  0.11269771, -0.1688932 , -0.02423801,
        0.01867533, -0.03980346,  0.05842217, -0.05039204,  0.24060334,
        0.05801553, -0.08199783, -0.11111709,  0.16901106, -0.16194506,
       -0.05221512,  0.08359343, -0.0969763 , -0.17652956, -0.31830111,
       -0.00842746,  0.37202191,  0.14460735, -0.14409198,  0.09418787,
       -0.10729031, -0.02861935,  0.09240115,  0.11620117, -0.03189222,
        0.08733331, -0.0219415 ,  0.04567699,  0.28486696,  0.0178157 ,
        0.00870119,  0.16171642, -0.02665998, -0.0065038 ,  0.06781576,
        0.0674336 , -0.12749402, -0.05261368, -0.16643465, -0.04068964,
        0.04131385,  0.04421086, -0.00674908,  0.19888356, -0.28742984,
        0.13797319, -0.04767043, -0.07003687, -0.02338718, -0.01742109,
       -0.03219817, -0.04634913,  0.11271162, -0.26555002,  0.1090422 ,
        0.1321891 , -0.04649935,  0.13423316,  0.03552623, -0.03442878,
       -0.0515101 , -0.06976968, -0.20362322, -0.08241396,  0.0892939 ,
        0.00895146,  0.03494892, -0.02370621]), array([-1.82852224e-01,  1.11020133e-01,  3.22212800e-02, -5.28229661e-02,
       -1.73889250e-01, -1.26097593e-02, -6.72463179e-02, -1.68753996e-01,
        1.62560403e-01, -1.27598152e-01,  1.89197138e-01, -8.13932419e-02,
       -2.77763069e-01, -5.39295785e-02, -3.89858969e-02,  1.81375682e-01,
       -1.17664024e-01, -1.74628124e-01, -5.41853346e-02, -3.01077198e-02,
        2.99863964e-02, -3.66712548e-02,  2.87855975e-02,  1.54216722e-01,
       -1.37371808e-01, -4.07130718e-01,  7.55691342e-03, -9.85819846e-02,
       -5.09186164e-02, -1.53427497e-02, -8.31359327e-02,  3.08154486e-02,
       -2.16785118e-01, -6.55416399e-02,  1.99859329e-02,  1.72299430e-01,
       -3.42929363e-02, -3.27756740e-02,  1.81302398e-01, -9.23048034e-02,
       -3.06022406e-01, -6.78227916e-02,  1.07938141e-01,  1.71451733e-01,
        2.24170819e-01,  3.30480933e-02,  2.38272808e-02, -7.73712620e-02,
        1.16498955e-01, -2.96816945e-01,  8.85190144e-02,  1.14125475e-01,
        6.86803609e-02, -2.30974406e-02,  1.01330563e-01, -2.15715125e-01,
       -8.78848135e-02,  1.74818248e-01, -1.43348858e-01, -1.43927922e-02,
        4.39899340e-02, -5.62889464e-02, -2.64998227e-02, -1.21151716e-01,
        2.61888355e-01,  1.67723924e-01, -1.16903849e-01, -5.39445430e-02,
        2.69586086e-01, -1.77338526e-01,  2.40746886e-06,  5.48204184e-02,
       -6.27227053e-02, -2.16667458e-01, -2.91221559e-01,  1.38134016e-02,
        4.25903708e-01,  1.99432105e-01, -1.74201131e-01, -3.08427457e-02,
       -7.58707523e-02,  2.32715253e-02,  4.35476378e-02,  3.67868245e-02,
       -1.23025216e-02, -1.58884786e-02, -9.96907130e-02, -1.15327016e-02,
        2.00276181e-01,  2.61372514e-02,  3.76616605e-02,  2.38099977e-01,
        2.11384259e-02, -1.92361996e-02,  6.17457032e-02,  8.88658762e-02,
       -1.66638434e-01, -4.18717861e-02, -2.30167747e-01, -4.53524478e-02,
       -2.62485966e-02, -4.77839746e-02,  4.16717865e-02,  1.24863498e-01,
       -2.14871258e-01,  6.86244518e-02, -3.76238562e-02, -3.45933847e-02,
       -4.93344851e-03,  5.31935915e-02, -5.50875403e-02, -9.28694755e-02,
        1.36401430e-01, -1.99922502e-01,  1.41143084e-01,  1.14180610e-01,
        1.95074547e-02,  2.18462422e-01,  7.12449104e-02,  6.81011677e-02,
        2.98375711e-02, -9.68610272e-02, -1.68161795e-01, -9.60063562e-02,
        8.12589675e-02, -7.75185600e-02,  8.43785480e-02,  7.37152770e-02]), array([-0.07104872,  0.00044878,  0.03197809, -0.00986512, -0.13075289,
        0.00643086, -0.04699697, -0.05451696,  0.2396701 , -0.18549451,
        0.16572621, -0.02223745, -0.20093177,  0.00548837, -0.03899318,
        0.14422573, -0.1133695 , -0.14175099, -0.00113918, -0.07337057,
        0.01724608,  0.00959509, -0.04168168,  0.03944231, -0.16359824,
       -0.36046207,  0.00209771, -0.13345981, -0.04250032, -0.05212761,
       -0.01796326,  0.13030925, -0.18392929, -0.04330366,  0.03434832,
        0.06658319,  0.0094917 ,  0.03422808,  0.2423638 , -0.00670845,
       -0.27465922, -0.03517501,  0.06446946,  0.21557684,  0.1233379 ,
        0.02489168, -0.02755393, -0.09234408,  0.13854876, -0.23942582,
        0.04010303,  0.12543406,  0.07538247, -0.03292387,  0.08119902,
       -0.14054878,  0.01382047,  0.04157033, -0.1658406 ,  0.03457184,
        0.08420554, -0.06416905, -0.03265552, -0.02612788,  0.25175354,
        0.06519312, -0.03553788, -0.10573439,  0.18713965, -0.1748493 ,
       -0.02479031,  0.10254526, -0.0691318 , -0.19436762, -0.23668993,
       -0.03642962,  0.42957348,  0.13586381, -0.16221656,  0.083659  ,
       -0.05613625, -0.06386355,  0.17311764,  0.06726681,  0.00108256,
       -0.00714198, -0.01918257,  0.01347147,  0.27083477,  0.0298166 ,
       -0.02161659,  0.16402194,  0.0009175 ,  0.01812935,  0.0377889 ,
       -0.03960927, -0.09153944, -0.02806636, -0.18535799, -0.06808393,
        0.01236303, -0.00731437,  0.01554882,  0.12145005, -0.26200631,
        0.10077658, -0.038794  , -0.05262728,  0.05063859,  0.08686278,
       -0.09661435, -0.04946673,  0.16340195, -0.20286864,  0.16023654,
        0.0722528 ,  0.03215932,  0.13838333,  0.05778615,  0.00964796,
       -0.00505775, -0.04645684, -0.23927271, -0.06370677,  0.07448813,
       -0.10084226,  0.1186986 , -0.00472623]), array([-6.38522059e-02,  1.43544199e-02,  6.50245324e-02, -1.33579075e-01,
       -7.68137500e-02, -1.46304537e-02, -2.27126218e-02, -4.34037000e-02,
        2.49248147e-01, -1.89771220e-01,  1.32909521e-01, -1.12710640e-01,
       -1.61406979e-01, -1.56603679e-02, -3.39040272e-02,  1.47666737e-01,
       -1.61719859e-01, -2.04948291e-01, -2.61363760e-02, -1.14252180e-01,
        1.38418712e-02,  2.59744991e-02, -1.97486822e-02,  8.24121311e-02,
       -2.43096381e-01, -3.34248066e-01, -7.22343549e-02, -1.46813691e-01,
        8.38719308e-04, -6.72677159e-02, -5.16624413e-02,  1.16524570e-01,
       -1.50229335e-01, -4.42146212e-02,  8.15660879e-02,  1.43188253e-01,
        1.65313985e-02, -7.51107857e-02,  2.22310677e-01,  5.10744564e-03,
       -2.57392377e-01, -6.44572675e-02,  1.27331704e-01,  2.44685948e-01,
        1.43137097e-01,  2.37136446e-02, -5.92211373e-02, -1.47365313e-02,
        1.80616558e-01, -2.58287251e-01,  2.03356296e-02,  1.24676697e-01,
        1.16247416e-01,  5.64941131e-02,  1.16037093e-01, -1.59295917e-01,
        6.92556351e-02,  1.04089104e-01, -2.43284881e-01,  5.15279174e-03,
        7.80709088e-05, -1.60206333e-01,  8.60374421e-05, -2.89955735e-02,
        2.21516654e-01,  1.01525605e-01, -9.07091051e-02, -6.76802993e-02,
        2.31247932e-01, -1.41791403e-01,  4.12832536e-02,  8.13868791e-02,
       -6.88202307e-02, -1.71301410e-01, -1.90087497e-01, -2.91041769e-02,
        3.73390496e-01,  1.82986274e-01, -1.21329099e-01,  9.91443545e-02,
       -2.11663712e-02, -4.02865633e-02,  3.36833335e-02,  1.18634455e-01,
       -8.45522732e-02,  8.99808258e-02, -2.58799922e-02,  5.59388325e-02,
        1.69523016e-01, -1.21288449e-02,  3.86930183e-02,  1.80140689e-01,
       -4.56778109e-02,  5.18571623e-02,  4.78251204e-02, -3.81026417e-03,
       -1.78035036e-01, -3.71709466e-05, -1.39125377e-01, -1.14637241e-03,
        5.34337312e-02, -4.28111702e-02,  3.06748375e-02,  1.06303602e-01,
       -2.44607061e-01,  1.05864629e-01, -3.59039158e-02, -1.23629302e-01,
       -5.71738705e-02,  3.47224511e-02,  8.96921940e-03, -3.80975567e-02,
        1.40082970e-01, -2.62921751e-01,  7.72330835e-02,  1.51308328e-01,
       -2.58137435e-02,  2.27056205e-01,  4.62876037e-02, -1.01107545e-03,
        3.55692767e-02, -9.02626216e-02, -1.77083895e-01, -7.48135298e-02,
        6.57349080e-02, -7.37207532e-02,  8.45516920e-02,  1.72108933e-02]), array([-0.12443999, -0.03915294,  0.03612535, -0.08923093, -0.12200846,
       -0.04372457, -0.04788631, -0.08433571,  0.18896942, -0.23097235,
        0.1222873 , -0.06528644, -0.15901375,  0.00812322, -0.06759997,
        0.08119351, -0.10917905, -0.17860793, -0.01719068, -0.00407314,
        0.02461742, -0.00559323,  0.00640702,  0.04915695, -0.12493593,
       -0.36966139, -0.08242922, -0.1123152 , -0.02807364, -0.03283188,
        0.03760911,  0.07771961, -0.25658828, -0.0233128 , -0.00770255,
        0.06252246,  0.01275514, -0.04105022,  0.2189603 ,  0.0230783 ,
       -0.25604546, -0.1331498 ,  0.03062497,  0.19659194,  0.09568283,
        0.05717757, -0.02334878, -0.06866238,  0.10155843, -0.2332205 ,
        0.0196132 ,  0.13685076,  0.03678588, -0.01676737,  0.04609072,
       -0.07922541,  0.09825259,  0.038254  , -0.21296825,  0.0033735 ,
        0.07423641, -0.02149488, -0.0512013 , -0.033177  ,  0.27324665,
        0.12512845, -0.04611477, -0.09247991,  0.25525615, -0.19600053,
       -0.0075587 ,  0.04467186, -0.07009169, -0.19194561, -0.16315755,
       -0.02920964,  0.40776414,  0.17179902, -0.07482766,  0.07448214,
       -0.07300487, -0.04895882,  0.09280691,  0.07708874, -0.07428843,
        0.0771828 ,  0.02675208,  0.06298663,  0.21975632,  0.03203203,
       -0.01166843,  0.15430403, -0.01895925, -0.03197055,  0.0765316 ,
       -0.05427276, -0.06075345,  0.01617051, -0.16220585,  0.02700798,
        0.0507545 , -0.02164553,  0.02796266,  0.13269904, -0.19274436,
        0.09206969, -0.06228522, -0.12977038,  0.02230151,  0.04701317,
       -0.1049722 , -0.09908304,  0.09509214, -0.17789915,  0.13964386,
        0.0889011 ,  0.02081221,  0.17449848,  0.05927197,  0.07982533,
        0.03056683, -0.02005886, -0.20230836, -0.10227165,  0.09367211,
       -0.0379464 ,  0.09552206, -0.02420982]), array([-0.15320477,  0.01359904,  0.01651959, -0.10697135, -0.11469196,
        0.00404633, -0.04290502, -0.09741019,  0.16778648, -0.11549244,
        0.21049547, -0.064702  , -0.17628525, -0.09060271, -0.06173521,
        0.21798296, -0.07509769, -0.18837082, -0.09691358, -0.01335781,
       -0.02272994, -0.01312592,  0.01263044,  0.07994653, -0.13773453,
       -0.42329928, -0.07700047,  0.00067965, -0.03162096, -0.05180111,
        0.01635046,  0.18335713, -0.23743188, -0.03316335,  0.04743025,
        0.14787345, -0.00335073,  0.00634984,  0.19126274, -0.0095876 ,
       -0.28587085, -0.04958417,  0.13872847,  0.2706503 ,  0.1802845 ,
        0.02539493,  0.00845065, -0.07519863,  0.08250665, -0.26571277,
        0.03959464,  0.13511524,  0.04779682,  0.04459938,  0.02330374,
       -0.06616834,  0.00494846,  0.13286965, -0.19852155, -0.00300671,
        0.02650028, -0.07709951, -0.09648403, -0.13539088,  0.22917134,
        0.14784729, -0.15996721, -0.15113215,  0.21237603, -0.14096673,
       -0.00439593,  0.06745525, -0.11172838, -0.20716825, -0.37331733,
        0.01025733,  0.39722556,  0.15068777, -0.15952791,  0.0384614 ,
       -0.04513339, -0.01370149,  0.02883955,  0.09791625, -0.02664295,
        0.0106293 , -0.03545821,  0.05703206,  0.20657034,  0.01754404,
       -0.01675986,  0.20165525,  0.01482228,  0.02922371, -0.01793367,
        0.16503182, -0.08278917, -0.00990369, -0.21150251,  0.01042203,
        0.00165674,  0.04786105,  0.05836306,  0.14522822, -0.13481171,
        0.19922672,  0.0110855 ,  0.00996906,  0.02484458,  0.0814779 ,
       -0.04985126, -0.12477045,  0.07164096, -0.21964784,  0.12666567,
        0.1425024 ,  0.01822458,  0.13569108,  0.11515912,  0.09556589,
        0.0099224 , -0.04714356, -0.15807034, -0.06293247,  0.06468435,
       -0.05747333,  0.05687389,  0.06099889]), array([-0.13329124,  0.06452263, -0.03868552, -0.04246147, -0.19298337,
        0.01083118, -0.03940836, -0.13192403,  0.18237174, -0.14172593,
        0.17225832, -0.00968237, -0.20341548, -0.06635733, -0.06450627,
        0.18684104, -0.10338882, -0.22845308, -0.02772267, -0.06754461,
        0.02183234, -0.03056067,  0.02049691,  0.09048636, -0.09542236,
       -0.34047782, -0.08051538, -0.12800026, -0.00348296, -0.01305033,
       -0.09121621,  0.07054675, -0.18899935, -0.07089563,  0.03165461,
        0.1248366 , -0.02433504, -0.02970348,  0.23060624, -0.00671113,
       -0.24817368, -0.00946408,  0.09422357,  0.21552317,  0.13573171,
        0.05743212,  0.03834085, -0.10808585,  0.09913906, -0.25686097,
        0.09080522,  0.11563683,  0.10808163,  0.00278539,  0.03751582,
       -0.17258768,  0.02834075,  0.0867982 , -0.1639414 , -0.01141106,
        0.04239422, -0.07990089, -0.05662968, -0.07083722,  0.3436383 ,
        0.1782617 , -0.07097708, -0.10258801,  0.21677198, -0.16958143,
       -0.08072236,  0.0715683 , -0.06977121, -0.16498436, -0.2852779 ,
        0.03575814,  0.50517941,  0.17216478, -0.1586632 ,  0.05760039,
       -0.07801352, -0.02016224,  0.10529849,  0.08977748, -0.0940435 ,
        0.01648025, -0.12714057, -0.0272304 ,  0.25002491, -0.0231287 ,
       -0.02187314,  0.17501943,  0.06995489,  0.10441414,  0.08381628,
        0.07671137, -0.06979409, -0.04656442, -0.17230748, -0.03958257,
        0.00771608, -0.03120288, -0.01583192,  0.09331667, -0.19072503,
        0.05554555, -0.05029155, -0.08103401, -0.06182721,  0.00954454,
       -0.05023051, -0.06075221,  0.10314241, -0.23804288,  0.13508162,
        0.12502185,  0.00510667,  0.21067329,  0.12284514,  0.06421884,
       -0.0153803 , -0.11825193, -0.2033051 , -0.07909036,  0.13968465,
       -0.05729941,  0.10020528,  0.0768073 ]), array([-0.11783989,  0.0427371 ,  0.02053403, -0.05014012, -0.10218304,
       -0.03802087, -0.08312417, -0.13997021,  0.2227914 , -0.14931904,
        0.25076121, -0.04080318, -0.17157327, -0.06130991, -0.09428999,
        0.18054703, -0.18051016, -0.18996182, -0.01274092, -0.10204646,
        0.00053634,  0.02780468, -0.01404388,  0.08348945, -0.13989882,
       -0.42232984, -0.08609813, -0.18364227, -0.0192035 , -0.0545937 ,
       -0.00429129,  0.17433046, -0.16924259, -0.03104073,  0.04960613,
        0.08047958,  0.07598136,  0.0642494 ,  0.20696336,  0.01312716,
       -0.21216591, -0.02454998,  0.15474504,  0.26829618,  0.14004779,
        0.0281136 ,  0.01573683, -0.03375711,  0.09679091, -0.13626146,
       -0.01333696,  0.12009142,  0.20839792,  0.01764196,  0.0504348 ,
       -0.11385016, -0.02860999,  0.04142233, -0.18900546,  0.04493489,
        0.07112233, -0.1263607 , -0.09894587, -0.03331376,  0.28731436,
        0.08230798, -0.12085466, -0.06272011,  0.21458627, -0.14915608,
       -0.06943365,  0.02217951, -0.11358686, -0.15608643, -0.25306895,
       -0.04128165,  0.43606287,  0.09590578, -0.19284421,  0.10172086,
       -0.0614261 , -0.06607142,  0.00666059,  0.07998215, -0.07062969,
        0.06192943, -0.04256905,  0.02514611,  0.20990217,  0.03686224,
        0.02932866,  0.15822761, -0.0422012 ,  0.07876313,  0.03646327,
        0.01977589, -0.09077515, -0.06782509, -0.16972567, -0.0393558 ,
       -0.09292589, -0.01647294, -0.0157099 ,  0.00987165, -0.20231578,
        0.12386177,  0.02454303, -0.05719936, -0.06158875,  0.12897453,
       -0.04141747, -0.05450571,  0.15748432, -0.22258127,  0.15412077,
        0.11936781,  0.0420816 ,  0.21069475,  0.05861413,  0.03476866,
       -0.03959239, -0.08461218, -0.1638684 , -0.12589808,  0.0697234 ,
       -0.11741699,  0.11760694,  0.02244338]), array([-0.15546362, -0.00633301,  0.022249  , -0.15111654, -0.11347347,
        0.0018319 , -0.05126365, -0.10066973,  0.15240057, -0.2379874 ,
        0.16446067, -0.11687929, -0.16385894,  0.02984707, -0.08419013,
        0.20910928, -0.09414995, -0.17511384, -0.08020738, -0.10055349,
        0.0454592 ,  0.00075899, -0.0830729 ,  0.13752542, -0.12609693,
       -0.32732609, -0.04890279, -0.03491605, -0.03255809, -0.03939922,
       -0.03140411,  0.12837702, -0.18276657,  0.00473758, -0.0142006 ,
        0.15452079, -0.03557371, -0.06094344,  0.19141868,  0.01610547,
       -0.27674189,  0.00269   ,  0.10388149,  0.27063036,  0.13955942,
       -0.02210007, -0.03464356, -0.05680702,  0.09049281, -0.30606443,
        0.06609073,  0.1179852 ,  0.05765731,  0.06220396,  0.06724394,
       -0.1080071 ,  0.04093751,  0.10600372, -0.16824727,  0.0217436 ,
        0.02292791, -0.13672183, -0.02528636, -0.12461705,  0.26493043,
        0.20493078, -0.11467762, -0.11676733,  0.22183111, -0.12683132,
       -0.07151733,  0.03200583, -0.08557677, -0.15503381, -0.2994796 ,
        0.04945872,  0.42337891,  0.21054025, -0.17396235,  0.0885325 ,
       -0.04314487, -0.04794237,  0.12682119,  0.15635386, -0.00287152,
       -0.00427628, -0.00911531,  0.056321  ,  0.17657204,  0.01900461,
       -0.05203497,  0.20672254,  0.02438618,  0.00350739,  0.0338883 ,
        0.09409252, -0.15436156, -0.03561413, -0.17462713, -0.0513768 ,
        0.040339  ,  0.02580123,  0.02161245,  0.17502348, -0.17207958,
        0.20533721, -0.03561607, -0.03873122,  0.02873544,  0.10635626,
       -0.02434902, -0.07013044,  0.06806   , -0.18571392,  0.08288682,
        0.1149805 ,  0.048761  ,  0.16484475,  0.12736186,  0.05820283,
        0.0435685 , -0.03727235, -0.22512251, -0.0532898 ,  0.10095552,
       -0.01506714,  0.0680346 ,  0.09293155]), array([-0.12036338,  0.05274106, -0.01733018, -0.09606154, -0.10738525,
        0.03066205, -0.02780922, -0.12112135,  0.26043537, -0.23745161,
        0.16777988, -0.02657912, -0.20103008,  0.01680712, -0.10444824,
        0.14760701, -0.13491291, -0.20799649, -0.05867889, -0.08652543,
       -0.00821494, -0.01050821,  0.02493484,  0.07084204, -0.10825814,
       -0.38232052, -0.10540603, -0.05375526, -0.00240115, -0.11780768,
        0.02339792,  0.11009882, -0.22576725,  0.01046434, -0.02247564,
        0.10978262,  0.01833192, -0.02208404,  0.22817381,  0.03058545,
       -0.20446774, -0.07887883,  0.06480734,  0.27581063,  0.15183567,
       -0.00613356, -0.0096543 , -0.1029823 ,  0.0706034 , -0.21917784,
        0.06975329,  0.13656969,  0.06053714,  0.02100554,  0.05606221,
       -0.15407854, -0.00293748,  0.11927528, -0.14774741,  0.061394  ,
        0.0208209 , -0.09698187, -0.06305035, -0.03389243,  0.3049162 ,
        0.13469672, -0.09391849, -0.11796578,  0.30841801, -0.13799539,
        0.00989344,  0.02507281, -0.08959758, -0.21684779, -0.22209482,
        0.0246896 ,  0.45476952,  0.18063255, -0.1202485 ,  0.14316081,
       -0.10937228, -0.05711573,  0.04229572,  0.15325795, -0.07646929,
        0.0570289 , -0.03864254,  0.09639773,  0.18697445,  0.04868812,
       -0.0670349 ,  0.20325552, -0.03762282,  0.01069045,  0.07604499,
        0.0263973 , -0.1125666 , -0.0213845 , -0.21058889, -0.06121542,
       -0.00828204, -0.05630139, -0.01094759,  0.1198248 , -0.16584004,
        0.1253773 , -0.00769614, -0.06848298, -0.00789198,  0.07986365,
       -0.05308543, -0.08987337,  0.14087784, -0.28596419,  0.1477882 ,
        0.12087946,  0.02254671,  0.25408435,  0.09202071,  0.13665321,
        0.08253794, -0.06023499, -0.17090857, -0.03384695,  0.0386345 ,
       -0.01805319,  0.08372039,  0.08081805]), array([-0.07134315,  0.04823252,  0.00886182, -0.0817744 , -0.09357488,
        0.00539525, -0.10629256, -0.12488325,  0.18970287, -0.20488276,
        0.19828629,  0.00544847, -0.14934476,  0.0035814 , -0.13060734,
        0.21137825, -0.206384  , -0.14391068,  0.0344333 , -0.02362769,
        0.02432047,  0.00883019, -0.01042267,  0.06823386, -0.06715307,
       -0.33568737, -0.09386124, -0.09954636,  0.0014844 , -0.02600452,
       -0.04173784,  0.08602324, -0.14479291,  0.06088583,  0.03619409,
        0.15058434,  0.03454338, -0.01917589,  0.17610782, -0.0178584 ,
       -0.24895415, -0.03008364,  0.12992269,  0.23064637,  0.17387062,
        0.0263848 ,  0.01176615, -0.1260103 ,  0.11387137, -0.20443301,
        0.06537967,  0.08571345,  0.11292672,  0.06751406,  0.03189185,
       -0.19648132,  0.03516506,  0.04305096, -0.1228928 ,  0.05592919,
        0.0527764 , -0.06888045,  0.01607837, -0.00727841,  0.33958176,
        0.14715376, -0.155305  , -0.14980507,  0.19493251, -0.20707346,
       -0.08337543,  0.03652209, -0.10664345, -0.17903733, -0.29640999,
       -0.02601204,  0.41398239,  0.16616969, -0.16374002,  0.10087622,
       -0.02827572, -0.04654587,  0.12671696,  0.22063607, -0.03783175,
        0.0547938 , -0.07713673, -0.00277229,  0.27082527, -0.0287637 ,
       -0.05117869,  0.19045298, -0.05628556,  0.09131476,  0.00984831,
        0.0913812 , -0.0805952 ,  0.00577137, -0.16648751, -0.04268471,
       -0.00268921, -0.02338709, -0.01707255,  0.14448112, -0.17346635,
        0.10474387, -0.05171619, -0.0087588 ,  0.01759562,  0.09672592,
       -0.08129935, -0.06908935,  0.15584682, -0.21050192,  0.22878163,
        0.13025673,  0.05550323,  0.17444171,  0.13394436,  0.12492182,
        0.03132518, -0.09649739, -0.1795816 , -0.04182949,  0.02425595,
       -0.08035908,  0.11005443,  0.05173922]), array([-0.14853449,  0.11949756,  0.01959731, -0.09548558, -0.0925947 ,
       -0.10254102, -0.08557841, -0.10081875,  0.07563841, -0.10390895,
        0.14749123, -0.0507719 , -0.13842782, -0.03495673, -0.07759452,
        0.12659925, -0.14455532, -0.1527939 , -0.05970392, -0.04571372,
        0.0406194 , -0.04253362,  0.03155022,  0.10769789, -0.12970847,
       -0.32250199, -0.10845385, -0.08949464,  0.0717943 , -0.03490756,
       -0.02333107,  0.04396394, -0.16400731, -0.01603302,  0.02478838,
        0.07025433,  0.00042962, -0.01450722,  0.23486522,  0.03518195,
       -0.19867596, -0.01885991,  0.10713578,  0.30438307,  0.20191425,
        0.06549055,  0.0441001 , -0.0684865 ,  0.12125385, -0.17738833,
        0.07109622,  0.13823453,  0.09337613,  0.02417244,  0.06738136,
       -0.16100767,  0.08392984,  0.11661251, -0.21273915,  0.052166  ,
        0.02704385, -0.03373919, -0.04579094, -0.0256809 ,  0.285638  ,
        0.15831445, -0.11864366, -0.10076408,  0.22109656, -0.16390461,
       -0.00483751,  0.01340696, -0.11306874, -0.12289508, -0.27571979,
       -0.0103666 ,  0.42253661,  0.19450757, -0.13112465,  0.08127719,
       -0.05939018, -0.05768465,  0.09493746,  0.0954226 , -0.22189528,
        0.03377197, -0.06220406,  0.03541956,  0.16146447,  0.05569109,
       -0.03165084,  0.15061283,  0.02681318,  0.05085329,  0.05783647,
       -0.01000982, -0.18268646, -0.04716506, -0.17033678, -0.05474761,
       -0.01083438, -0.07578739,  0.02532201,  0.15901536, -0.17849754,
        0.09633995,  0.01027599, -0.03083765, -0.06899546,  0.12213426,
       -0.10177353, -0.09268902,  0.07748096, -0.15445954,  0.13419197,
        0.1571276 ,  0.06515171,  0.11700202,  0.1929158 ,  0.03411914,
        0.02718269,  0.00609923, -0.12033692, -0.01279486,  0.08687681,
       -0.07546765,  0.14756307,  0.04231887]), array([-1.40479043e-01,  7.12008700e-02,  9.84543562e-02, -5.30944392e-02,
       -8.28902572e-02, -5.86070493e-03, -1.83406286e-02, -3.48443277e-02,
        1.56183362e-01, -1.26113713e-01,  1.52620152e-01,  1.44450925e-03,
       -1.30773947e-01,  1.03417054e-01, -9.98128206e-02,  1.58031911e-01,
       -1.07343674e-01, -1.38804495e-01, -1.33853778e-01, -9.04189050e-02,
        5.87508082e-03,  2.44753510e-02,  1.40215866e-02,  6.28494695e-02,
       -1.36030197e-01, -3.34612787e-01, -4.62814122e-02, -6.67127818e-02,
        7.99196437e-02, -2.85367351e-02, -2.60335878e-02,  4.10704091e-02,
       -1.94911674e-01,  2.71660089e-03,  4.76946607e-02,  1.02772780e-01,
       -2.79810969e-02, -3.68463919e-02,  2.44748160e-01, -1.26885790e-02,
       -2.76692629e-01,  1.14159863e-02,  1.64457530e-01,  2.45397717e-01,
        1.70076370e-01,  9.61891934e-02,  3.68459150e-02, -8.54783133e-02,
        1.93292603e-01, -2.65689909e-01,  6.70510754e-02,  1.28143519e-01,
        1.04533881e-01,  9.50407311e-02,  1.76734775e-02, -1.82290897e-01,
        4.30940986e-02,  9.41333398e-02, -1.96710289e-01,  5.51124662e-02,
        3.38445306e-02, -2.18641944e-02, -4.19698358e-02, -5.33777848e-02,
        2.22129658e-01,  1.57749146e-01, -1.24783829e-01, -1.57675311e-01,
        2.48612374e-01, -2.22057521e-01,  3.31725441e-02,  9.92151573e-02,
       -6.79556653e-02, -1.72987998e-01, -1.74852833e-01, -1.37384627e-02,
        4.28652018e-01,  1.59558848e-01, -5.91166057e-02,  7.37896264e-02,
       -7.46491998e-02, -7.95234144e-02, -2.24701352e-02,  1.34357348e-01,
       -1.22681320e-01,  6.11608401e-02,  2.54092738e-04,  4.60428484e-02,
        2.81541377e-01,  2.49410290e-02,  2.73847450e-02,  2.05460876e-01,
        4.91516329e-02,  2.71438677e-02, -2.50583142e-02,  9.39306915e-02,
       -1.94240198e-01,  6.65681995e-03, -1.57010913e-01, -2.01113261e-02,
       -3.63920182e-02, -7.29240477e-04,  3.84315401e-02,  9.76432785e-02,
       -2.55182892e-01,  2.52824515e-01, -7.62965456e-02,  5.99687733e-03,
        4.31475509e-03,  8.69801193e-02, -1.22476714e-02, -4.89833578e-02,
        1.26983449e-01, -1.73489779e-01,  1.44294113e-01,  1.65828377e-01,
        3.79899219e-02,  1.38214916e-01,  1.19775988e-01,  5.62656969e-02,
        9.80483815e-02, -2.27450207e-03, -2.47808307e-01, -7.40441605e-02,
        4.66749258e-02, -1.70952410e-01,  4.53152992e-02,  6.83145896e-02]), array([-0.0777567 ,  0.07921006,  0.01524009, -0.03703991, -0.00992031,
        0.02607672, -0.02694041, -0.07162133,  0.20143215, -0.1576498 ,
        0.15839666,  0.02287019, -0.17422004, -0.1578649 ,  0.00911456,
        0.06934667, -0.15057135, -0.21386594,  0.01058323, -0.06713731,
        0.08958913, -0.02498576,  0.00732242,  0.09430347, -0.23040503,
       -0.32027015, -0.11691517, -0.10986757, -0.02430959, -0.11030059,
       -0.00751033,  0.09327137, -0.17151211, -0.01994292,  0.01008549,
        0.15823561,  0.02721037,  0.02186396,  0.17124061,  0.01652256,
       -0.14380211, -0.04934938,  0.12903599,  0.24877141,  0.2036505 ,
        0.03451651, -0.01759894, -0.05274516,  0.11313307, -0.22617282,
        0.08529061,  0.15798649,  0.13189752,  0.09235227,  0.12204665,
       -0.11837845,  0.03209762,  0.09660791, -0.16309701,  0.08255289,
       -0.03177411, -0.09479772, -0.06709547,  0.03986216,  0.21061781,
        0.1312273 , -0.07896587, -0.14980835,  0.18972042, -0.21295731,
       -0.11436202,  0.1119093 , -0.08040745, -0.15529785, -0.27360752,
        0.01809125,  0.41961253,  0.18453029, -0.15269902,  0.12754282,
       -0.04245377, -0.05105588,  0.08918231,  0.10573295, -0.13033073,
        0.04306221, -0.07000804,  0.07413175,  0.1826673 ,  0.10406521,
       -0.05037271,  0.17111875,  0.00160539,  0.10500786,  0.11340871,
       -0.0226458 , -0.03571605, -0.00805823, -0.19619259, -0.07244277,
        0.02249737, -0.05919818, -0.0125058 ,  0.09294704, -0.17857902,
        0.07866772,  0.02021395, -0.05838325,  0.00134716,  0.08506712,
       -0.15060994, -0.023589  ,  0.1197695 , -0.32315871,  0.1328063 ,
        0.13276109,  0.00424819,  0.14156285,  0.12138515,  0.10151881,
        0.04272128, -0.10012887, -0.13076921, -0.01803005,  0.0660519 ,
       -0.05854315,  0.08913377, -0.01232079]), array([-1.39258236e-01,  5.53792454e-02,  4.12951559e-02, -6.61246330e-02,
       -1.25161350e-01, -1.24212494e-02, -6.58195615e-02, -3.94345075e-02,
        1.98015764e-01, -1.29431933e-01,  1.56921089e-01, -4.76762876e-02,
       -2.05196261e-01,  3.62117328e-02, -6.63749799e-02,  1.99714869e-01,
       -2.18617335e-01, -1.37815163e-01, -2.73527838e-02, -6.97410852e-02,
        7.46382102e-02,  5.28132878e-02, -3.84434760e-02,  1.27087951e-01,
       -1.85717508e-01, -4.09536570e-01, -3.58640328e-02, -1.17086001e-01,
       -1.03554912e-01, -2.44282819e-02,  3.22278701e-02,  7.59058297e-02,
       -2.05754101e-01,  1.36096030e-04,  6.20395392e-02,  6.10674620e-02,
        2.39890702e-02, -5.64702563e-02,  2.26441890e-01,  2.80404482e-02,
       -2.47258008e-01, -6.23375662e-02,  1.26907885e-01,  2.41665781e-01,
        1.61348090e-01,  1.45695806e-02, -1.09141693e-05, -1.45682655e-02,
        1.38364747e-01, -2.65536666e-01, -4.06797938e-02,  1.76963344e-01,
       -2.73989178e-02,  7.12917596e-02,  7.63237774e-02, -8.71572718e-02,
        3.71403918e-02,  1.03535086e-01, -1.47427872e-01, -2.39566565e-02,
        2.47636251e-02, -1.59511194e-01, -4.87030372e-02, -9.13938880e-02,
        2.61180937e-01,  6.55283630e-02, -1.13334492e-01, -1.12249389e-01,
        1.51035845e-01, -1.63398534e-01, -1.05313227e-01,  2.29353318e-04,
       -1.17963806e-01, -1.85158789e-01, -3.09071422e-01,  2.20224075e-02,
        4.07469571e-01,  1.68827966e-01, -1.68382406e-01,  1.40648887e-01,
        1.13918828e-02, -2.35168058e-02,  1.08172499e-01,  1.93868130e-01,
        3.97067145e-02,  5.96580505e-02,  1.07966391e-02,  6.03461415e-02,
        2.13616133e-01,  2.64870580e-02,  9.76312160e-03,  2.10907668e-01,
       -4.25857380e-02,  1.58228874e-02,  5.73952794e-02,  2.23666430e-02,
       -9.79744643e-02, -4.06780429e-02, -1.37219235e-01,  3.04421447e-02,
        4.26774286e-02,  4.49347794e-02,  1.07180048e-02,  8.98160487e-02,
       -2.11649045e-01,  9.84842330e-02, -5.77909909e-02, -8.05362165e-02,
       -3.88844386e-02,  4.62738536e-02, -7.55218565e-02, -2.93501690e-02,
        1.07867420e-01, -2.22986132e-01,  1.90425560e-01,  1.33452997e-01,
       -3.58441509e-02,  1.94266915e-01,  4.15249094e-02,  3.97695191e-02,
       -1.65200196e-02,  7.60562718e-04, -1.76844582e-01, -1.23628438e-01,
        1.02823466e-01, -4.17689756e-02,  9.69921425e-02, -4.43702973e-02]), array([-0.0973326 ,  0.09272432,  0.00614833, -0.10466084, -0.13014968,
        0.00168206, -0.06353434,  0.02400444,  0.21213911, -0.16403301,
        0.14670965, -0.02322563, -0.17340466, -0.03579648, -0.01790541,
        0.16332269, -0.1639495 , -0.18421558,  0.00921504, -0.05447116,
        0.08736753,  0.0168561 ,  0.01119588,  0.11034571, -0.24747868,
       -0.37880805, -0.04064026, -0.11765087, -0.06032231, -0.09428664,
        0.01678021,  0.07843119, -0.23144495,  0.01413439,  0.01474223,
        0.10701545, -0.01581664, -0.03124938,  0.19663438,  0.07691023,
       -0.26972696, -0.06741646,  0.08025397,  0.27141124,  0.18451527,
        0.00057236, -0.00042886, -0.04174737,  0.15847   , -0.23018228,
        0.02448566,  0.16456234,  0.02781904,  0.0456647 ,  0.09796946,
       -0.03707863,  0.0850023 ,  0.03805665, -0.22501449, -0.06293669,
       -0.00644261, -0.03213792, -0.05690335, -0.06096461,  0.27687967,
        0.11213772, -0.0600249 , -0.15654577,  0.25242653, -0.18822163,
       -0.10251647,  0.09495053, -0.08860724, -0.15492606, -0.25222147,
       -0.01383548,  0.41333443,  0.17505825, -0.13672335,  0.15843952,
       -0.02023862, -0.10030394,  0.05255726,  0.16623574, -0.04657013,
        0.12543559, -0.01433971,  0.09624419,  0.22716734, -0.00217304,
       -0.0236921 ,  0.17759882,  0.04130097,  0.02292341,  0.1229213 ,
       -0.01764965, -0.12591745, -0.0164668 , -0.20339613, -0.07451764,
        0.03216564, -0.01481532, -0.03682724,  0.12646015, -0.2007359 ,
        0.16580969, -0.00690177, -0.11352362, -0.06334038,  0.10765172,
       -0.09274215, -0.08058607,  0.06521433, -0.21900821,  0.14102651,
        0.07949635,  0.00884837,  0.14057179,  0.07309458,  0.06291642,
        0.00307786, -0.03529924, -0.15283363, -0.09917165,  0.07942365,
       -0.05165087,  0.10898053, -0.01631166]), array([-7.49217644e-02,  2.17650421e-02,  3.62004600e-02, -9.37946439e-02,
       -7.42886513e-02, -2.35501528e-02, -3.44321653e-02, -1.12785220e-01,
        2.16100886e-01, -1.05786204e-01,  1.61730647e-01, -1.67083107e-02,
       -2.01312542e-01, -9.22907889e-02,  8.57408345e-03,  9.57226530e-02,
       -1.73532724e-01, -1.48846567e-01, -3.23268166e-03, -1.63312387e-02,
        2.90067382e-02, -4.19368409e-02,  6.62177056e-02,  9.09268856e-02,
       -1.41330987e-01, -4.58925396e-01, -9.37359929e-02, -1.06044859e-01,
       -1.79520659e-02,  1.58293247e-02, -7.61822835e-02,  8.20191950e-02,
       -2.49362171e-01, -5.67459241e-02,  4.29689810e-02,  1.27086580e-01,
        1.99088138e-02, -9.18196514e-02,  1.57081366e-01, -1.89224146e-02,
       -2.48266250e-01, -8.45091343e-02,  8.42500106e-02,  1.55660748e-01,
        1.57067329e-01,  2.83921864e-02,  3.16460021e-02, -6.98777139e-02,
        1.27384961e-01, -1.85761794e-01,  6.88386410e-02,  1.47648156e-01,
        7.61809498e-02,  2.98850238e-04,  5.63492067e-02, -1.59384221e-01,
        1.04089789e-02,  7.86812752e-02, -2.17795238e-01, -6.14604689e-02,
        1.09521709e-02, -6.31622970e-02, -5.24296947e-02, -8.81522894e-02,
        2.47757122e-01,  1.69595391e-01, -7.17215315e-02, -1.85301885e-01,
        2.28384301e-01, -1.73852503e-01,  1.92213282e-02,  5.76605722e-02,
       -1.21684156e-01, -1.92018420e-01, -2.30155513e-01, -1.15817226e-02,
        3.30118001e-01,  1.65856540e-01, -1.10058382e-01,  8.80439132e-02,
       -2.01156169e-01, -2.07695663e-02,  2.44668834e-02,  7.54123777e-02,
        1.21874399e-02,  1.16698660e-01, -6.38187900e-02,  2.61258148e-02,
        1.99207976e-01, -2.01230012e-02,  4.88691591e-03,  2.13606551e-01,
       -2.43074447e-02,  3.66251320e-02,  3.32667567e-02, -2.08908617e-02,
       -1.22664511e-01,  5.91441281e-02, -1.96851790e-01, -6.62158430e-03,
        1.96282752e-04,  4.72874381e-03,  3.68095785e-02,  9.64260399e-02,
       -2.67919958e-01,  4.49756756e-02,  6.50841929e-03, -7.66572356e-02,
        4.70936671e-02, -2.92557571e-02, -8.71542990e-02, -1.37008101e-01,
        9.61239412e-02, -3.33857685e-01,  1.60108209e-01,  1.33282885e-01,
        6.93958774e-02,  2.22647667e-01,  2.39952207e-02,  5.16262464e-02,
        3.82128470e-02, -1.31859690e-01, -1.95368677e-01, -1.53395925e-02,
        8.45510662e-02, -3.20891477e-02,  1.30155496e-02,  1.80964284e-02]), array([-0.13167627,  0.0419642 , -0.02039184, -0.09198809, -0.11240403,
       -0.04321507, -0.02683011, -0.03022657,  0.27321166, -0.21444635,
        0.15960969, -0.03568689, -0.21958728,  0.06403332, -0.09784062,
        0.18559337, -0.19337262, -0.1671876 , -0.00204251, -0.09137835,
        0.06148508,  0.04072149,  0.02214076,  0.14556593, -0.11258533,
       -0.386722  , -0.08150904, -0.10078604, -0.04143715, -0.08165164,
        0.03291945,  0.11266229, -0.15792307, -0.00642339,  0.0115607 ,
        0.05871079,  0.00416379, -0.0088088 ,  0.21997386,  0.04741625,
       -0.2329725 ,  0.0415588 ,  0.07044823,  0.29831785,  0.17564376,
        0.069878  , -0.02171153, -0.15223791,  0.14696127, -0.26634565,
        0.00261779,  0.17100653,  0.02406911,  0.00259934,  0.09004793,
       -0.10674297,  0.03065334,  0.07896726, -0.22785115,  0.03010962,
       -0.00531482, -0.04195628, -0.0120507 , -0.0599201 ,  0.20001072,
        0.11664974, -0.07697032, -0.11864866,  0.25405532, -0.24830011,
       -0.05873341,  0.0856112 , -0.08211324, -0.24863718, -0.186984  ,
       -0.01200659,  0.39397728,  0.19429603, -0.09219189,  0.15893055,
        0.01972453, -0.06436552,  0.08610789,  0.19078059, -0.04249357,
       -0.03597077, -0.03445443,  0.04441924,  0.17432481,  0.0136782 ,
       -0.02051488,  0.22961262,  0.02767701,  0.02922536,  0.08405286,
        0.07420291, -0.16302843,  0.00694541, -0.20840089, -0.05605708,
       -0.02580107,  0.01101821, -0.03051324,  0.06913318, -0.16630223,
        0.14343959, -0.0848118 , -0.10301381, -0.06077356,  0.10131776,
        0.00069879, -0.05317346,  0.08329199, -0.21944538,  0.15110433,
        0.14383337, -0.0296046 ,  0.21673606,  0.00782542,  0.08519715,
        0.02042896, -0.04906704, -0.18728106, -0.08235008,  0.04766895,
       -0.03961939,  0.05908711, -0.01692199]), array([-0.07357288,  0.01654821,  0.05185162, -0.09209184, -0.10190542,
        0.07447264, -0.06383497, -0.03032248,  0.23494829, -0.179563  ,
        0.12176834,  0.02264605, -0.17198133,  0.01928888, -0.03718644,
        0.13922177, -0.12414204, -0.12421243, -0.00576398, -0.05126482,
        0.0062646 ,  0.07947489, -0.00838639,  0.08169702, -0.2160762 ,
       -0.3542507 , -0.09959557, -0.10618338, -0.12394381, -0.13573667,
       -0.06085086,  0.0842765 , -0.15022966,  0.04868065,  0.01156588,
        0.1056877 , -0.00901779, -0.06196911,  0.1264452 ,  0.09658616,
       -0.22904287, -0.05297498,  0.14868927,  0.22896101,  0.1755621 ,
        0.04070485, -0.00962398, -0.0489697 ,  0.1947715 , -0.30695516,
       -0.00784191,  0.11749254,  0.01243344,  0.05920958,  0.07844739,
       -0.10732522, -0.00236905,  0.02553079, -0.13818616,  0.05536682,
       -0.00406434, -0.03651581, -0.06914254, -0.04794759,  0.26772425,
        0.16387971, -0.14846924, -0.08935916,  0.18085521, -0.21179827,
       -0.10422868,  0.06046465, -0.12134985, -0.21569374, -0.26544583,
       -0.00066953,  0.40798163,  0.19670293, -0.10753995,  0.06425477,
       -0.07834217, -0.01565484, -0.01018006,  0.17480879, -0.06507168,
        0.11708667, -0.01040997,  0.07595743,  0.29377708,  0.02575763,
        0.00619381,  0.23375462,  0.0061326 ,  0.10053854,  0.01538246,
        0.06803858, -0.11756106, -0.09732643, -0.20388937, -0.06026143,
        0.02361748, -0.00522523,  0.00722884,  0.1789076 , -0.24293661,
        0.1928204 , -0.02632938, -0.11501656,  0.0063526 ,  0.09478506,
       -0.08214641, -0.03069028,  0.11618051, -0.2135807 ,  0.08247662,
        0.12874985,  0.06045169,  0.14528237,  0.06283468,  0.0682332 ,
       -0.02972274, -0.04519326, -0.14112838, -0.09656477,  0.04039057,
       -0.05824573,  0.0423221 , -0.0146812 ]), array([-0.06009274, -0.01269679,  0.05363731, -0.16019478, -0.12671116,
        0.00666122, -0.06577282, -0.0858367 ,  0.24322242, -0.25559479,
        0.151923  , -0.04198311, -0.1480573 ,  0.076814  , -0.11029712,
        0.16268966, -0.13285233, -0.1916374 ,  0.00675609, -0.14571811,
        0.02731726,  0.04363848, -0.02312943,  0.15951936, -0.18177652,
       -0.26920146, -0.1246452 , -0.09645551,  0.02662539, -0.07318518,
        0.0094446 ,  0.11558113, -0.17685683,  0.08354786, -0.00882867,
        0.13995066,  0.03084372, -0.12728806,  0.18825498,  0.08350486,
       -0.26193219, -0.03153523,  0.08261681,  0.24136961,  0.09023365,
       -0.01507681,  0.00376177, -0.04882388,  0.17813581, -0.25341424,
        0.07406966,  0.16576076,  0.09915142,  0.04376964,  0.10713793,
       -0.13267902,  0.10558361,  0.06985655, -0.14195392,  0.08583905,
        0.03249344, -0.08359923,  0.06221401, -0.04616684,  0.20192458,
        0.14403182, -0.07040561, -0.11923308,  0.23413877, -0.18494773,
       -0.10235446,  0.11021493, -0.12556799, -0.15153776, -0.2703366 ,
       -0.01201829,  0.43895909,  0.22805366, -0.06680891,  0.14915386,
       -0.0406381 , -0.03470146,  0.05418608,  0.18633218, -0.05433111,
        0.04162408, -0.05308736,  0.08176803,  0.26214656, -0.00260425,
       -0.03834615,  0.21818483, -0.02693344,  0.06720018, -0.01801912,
        0.06290787, -0.13277654, -0.00408864, -0.06099647,  0.0119716 ,
        0.02048466,  0.01328051, -0.02161315,  0.12126458, -0.25623083,
        0.1332628 , -0.05346316, -0.1025024 , -0.04505636,  0.1404139 ,
       -0.07634555, -0.01387168,  0.12110917, -0.24964209,  0.14156529,
        0.15497094,  0.02879219,  0.14839904,  0.08721894,  0.05836389,
        0.0449797 , -0.14292856, -0.14189078, -0.11748768,  0.02509039,
       -0.08404021,  0.0244813 ,  0.07112783]), array([-0.08230457, -0.01830569,  0.03115294, -0.12687817, -0.14066567,
       -0.01243045, -0.0761577 , -0.07085355,  0.17261827, -0.1880959 ,
        0.2221304 , -0.03727354, -0.1602817 , -0.02170707, -0.02809792,
        0.11730145, -0.09183815, -0.17020015, -0.04556935, -0.05583765,
        0.016291  ,  0.02658787,  0.03376384,  0.08308406, -0.14218631,
       -0.36960682, -0.14500882, -0.11098166, -0.10011993, -0.10023335,
       -0.02452279,  0.09534701, -0.18982981,  0.00815093,  0.04606831,
        0.09238392, -0.05700773, -0.05657348,  0.16090453,  0.07285497,
       -0.18778798, -0.05234867,  0.04695356,  0.19803038,  0.15462774,
        0.0328673 , -0.00116083, -0.07525218,  0.13069934, -0.27643675,
        0.11068846,  0.15369871,  0.06795631,  0.04013536,  0.11570667,
       -0.0516985 ,  0.06409362,  0.14188719, -0.18388729,  0.03619746,
        0.02086191, -0.05456812, -0.06708406, -0.04980474,  0.25477925,
        0.20964086, -0.10009278, -0.12580045,  0.19794996, -0.1192647 ,
       -0.08392518,  0.11544292, -0.14016777, -0.22766793, -0.1943702 ,
        0.02564796,  0.41669431,  0.14943886, -0.14805013,  0.02208791,
       -0.09882874, -0.02784059,  0.03983012,  0.03473975, -0.06424247,
       -0.00326285, -0.07760243,  0.05988603,  0.23709545, -0.00911996,
       -0.04627368,  0.22915873, -0.03159766,  0.05540806,  0.07746953,
        0.0458995 , -0.0575211 , -0.04736573, -0.16882525, -0.05328487,
        0.01697593, -0.02411646, -0.09573869,  0.08526434, -0.18619202,
        0.11762543, -0.04990707, -0.10335042, -0.06640418, -0.03425102,
       -0.09972873, -0.02185564,  0.09704405, -0.27255026,  0.13984787,
        0.09687205,  0.06030252,  0.17300949,  0.04153081,  0.01020819,
       -0.00571602, -0.1637091 , -0.17080104, -0.07187383,  0.10388677,
        0.02681103,  0.0189462 , -0.01348122]), array([-0.05525714,  0.03015552,  0.07138237, -0.06848325, -0.06406794,
        0.03447943, -0.00236057, -0.09852798,  0.17155282, -0.18950875,
        0.15770578, -0.01844543, -0.17732891,  0.02368089, -0.00253189,
        0.17015666, -0.05636412, -0.15432885, -0.05333079, -0.05773251,
        0.01138563,  0.01814169, -0.02231432,  0.09217547, -0.11449042,
       -0.34693903, -0.06685891, -0.10646249, -0.03480817, -0.08400132,
       -0.03748921,  0.09545653, -0.15615821,  0.01672223,  0.00584816,
        0.11883689, -0.05087601, -0.07839717,  0.18157661,  0.01441464,
       -0.25128338, -0.06854294,  0.07550254,  0.2158756 ,  0.14216539,
       -0.03299693,  0.02113447, -0.08802895,  0.05010338, -0.2320751 ,
        0.03465949,  0.06418825,  0.05512191,  0.06496719,  0.01749128,
       -0.1822558 ,  0.02961559,  0.04963046, -0.16047214,  0.04413286,
        0.00876047, -0.14919786, -0.05263542, -0.01863744,  0.29386944,
        0.1369938 , -0.10232222, -0.09196913,  0.18042783, -0.15863526,
       -0.03071531,  0.00258334, -0.1159671 , -0.2011831 , -0.21877317,
        0.03396614,  0.410101  ,  0.162881  , -0.18453471,  0.12128395,
       -0.09157916, -0.0179372 ,  0.10461624,  0.18835188, -0.01486787,
        0.05344101, -0.00943071,  0.05767085,  0.20525199, -0.03483736,
       -0.01372725,  0.19005352, -0.05880662,  0.05384037,  0.04735132,
       -0.00465842, -0.10475957,  0.00622598, -0.17400008, -0.07891373,
        0.01008405, -0.02920645,  0.03401224,  0.13433658, -0.22989441,
        0.14887643,  0.00535402, -0.05820986,  0.10120972,  0.07091577,
       -0.08818969, -0.11992252,  0.15698379, -0.19003928,  0.13394268,
        0.15750821,  0.03679619,  0.19182976,  0.13897769,  0.1180199 ,
        0.06062418, -0.03694436, -0.23394792,  0.05406287,  0.12987779,
       -0.02525034,  0.05011294,  0.02053965]), array([-0.13584042,  0.05753867, -0.01216796, -0.10943471, -0.17089675,
       -0.03866684, -0.10097034, -0.13685821,  0.18884549, -0.13229021,
        0.13079858, -0.05042106, -0.11904085,  0.05091209, -0.06194689,
        0.0958316 , -0.08836704, -0.22613241,  0.0061931 , -0.11943233,
        0.05391806,  0.08468859, -0.01321674,  0.14507739, -0.21180847,
       -0.25619984, -0.08689161, -0.14697027, -0.01465754, -0.05694997,
        0.06145347,  0.00736691, -0.21628281,  0.03040754,  0.04071933,
        0.10771097,  0.0268966 , -0.08835555,  0.19472264,  0.0152556 ,
       -0.24769513, -0.07369471,  0.07352211,  0.21415529,  0.10270137,
       -0.03544189,  0.00758118, -0.11312362,  0.12074746, -0.16521341,
        0.03773259,  0.16720739,  0.03195704, -0.00054982,  0.05924776,
       -0.10291566,  0.06175136,  0.12424903, -0.15360099,  0.04093782,
        0.01236889, -0.05940339, -0.05652142, -0.0971152 ,  0.26704967,
        0.0947089 , -0.08846765, -0.10319686,  0.22940351, -0.13965856,
       -0.15623894,  0.09210844, -0.11377097, -0.17418881, -0.28780562,
       -0.01734987,  0.50539064,  0.10283529, -0.18031451,  0.15586805,
       -0.03601521, -0.0150468 ,  0.02942246,  0.15909334, -0.04664719,
        0.04053693, -0.04574648,  0.06637   ,  0.27027252,  0.00051107,
       -0.02065018,  0.14545405, -0.02127905,  0.064417  ,  0.06499153,
        0.09680574, -0.10215861, -0.05138355, -0.07115529, -0.02855404,
        0.05595353,  0.0082722 , -0.03806125,  0.16097656, -0.23799299,
        0.1547482 ,  0.02310622, -0.12857346, -0.05297751,  0.08552083,
        0.00166416, -0.04634728,  0.14233753, -0.22740099,  0.17254141,
        0.10251535,  0.00988097,  0.20874409,  0.02562761,  0.0606825 ,
       -0.00920977, -0.03368085, -0.18966882, -0.11207171,  0.02587815,
       -0.07017022,  0.04934932,  0.06405144]), array([-0.10225919,  0.05803025,  0.00490719, -0.07054316, -0.05427122,
       -0.06586213, -0.0411934 , -0.09383394,  0.23169307, -0.1254763 ,
        0.12711325, -0.02609777, -0.18964607, -0.00116787, -0.03050758,
        0.14135143, -0.19582118, -0.17198999, -0.04186208, -0.05000686,
        0.08333737, -0.03709519,  0.05209443,  0.16967855, -0.18924358,
       -0.35874528, -0.06179933, -0.12210044,  0.04508466, -0.07444029,
        0.00733774,  0.05435728, -0.23842551, -0.02683164,  0.00654319,
        0.12399364,  0.01104264, -0.10137337,  0.2347808 ,  0.01746615,
       -0.27134207, -0.07619913,  0.05349422,  0.19206184,  0.15844992,
        0.03405329,  0.02102612, -0.08746526,  0.13972959, -0.29621691,
        0.08385421,  0.1542677 ,  0.06855694,  0.05657392,  0.03327446,
       -0.15601036,  0.04421632,  0.08661371, -0.24635087,  0.00303988,
        0.00667191, -0.04633003, -0.05640762, -0.02164918,  0.20758331,
        0.16811466, -0.11052465, -0.06915665,  0.20243081, -0.213153  ,
       -0.00425951,  0.08834817, -0.06675318, -0.21137224, -0.27500054,
       -0.00229745,  0.40402803,  0.17228583, -0.12607436,  0.0562171 ,
       -0.07946102, -0.02345734,  0.02578468,  0.14285959, -0.08381525,
        0.05901242, -0.02775929,  0.09068586,  0.16500351,  0.01667731,
       -0.01690208,  0.22431812,  0.0180017 ,  0.03371379,  0.03315509,
        0.10196663, -0.12733397, -0.03823202, -0.1411562 , -0.04269209,
        0.08624275,  0.0683381 ,  0.0012529 ,  0.12035586, -0.21813567,
        0.10968444, -0.01840643, -0.13094664,  0.0407267 ,  0.05452691,
       -0.07095174, -0.14332131,  0.0951369 , -0.21754307,  0.12524822,
        0.1770101 , -0.02651831,  0.18032384,  0.02718127,  0.07852444,
        0.04072109, -0.0783188 , -0.15551253, -0.04844795,  0.1025855 ,
       -0.02158195,  0.03137806, -0.03486923]), array([-0.09222899,  0.11106636,  0.00405981, -0.1311321 , -0.07187962,
       -0.02404073, -0.00195211, -0.16410062,  0.17201756, -0.19696711,
        0.22590822, -0.03633203, -0.22496057,  0.01584643, -0.06215254,
        0.23705789, -0.2724469 , -0.15288626, -0.07203184, -0.08724349,
        0.0696875 ,  0.09207331,  0.03872849,  0.10852944, -0.1267871 ,
       -0.31585866, -0.0672942 , -0.06462812, -0.06677338, -0.06044658,
        0.05258628,  0.08884215, -0.17212942,  0.06376004,  0.03349184,
        0.07942738, -0.0307049 , -0.05484986,  0.23801239,  0.03952978,
       -0.24667062, -0.03861543,  0.12105495,  0.30886179,  0.16006206,
       -0.06472369, -0.05734006, -0.08567149,  0.13065694, -0.29555714,
        0.00334983,  0.12811719, -0.00325236,  0.10143523,  0.01750407,
       -0.096049  ,  0.06409726,  0.08034346, -0.15940979, -0.03303527,
        0.09483029, -0.19610499,  0.01193651, -0.06873634,  0.26230162,
        0.10250942, -0.14302796, -0.11242982,  0.07415058, -0.17553146,
       -0.10914564,  0.01957223, -0.11894417, -0.15699738, -0.32413915,
       -0.05234941,  0.39262584,  0.14046122, -0.10548201,  0.10267669,
       -0.04980364, -0.03280804,  0.12353236,  0.20230497, -0.01767977,
        0.09267388, -0.06275114,  0.11947675,  0.20923921, -0.0667751 ,
       -0.04254425,  0.32455882, -0.0291108 ,  0.08413522,  0.05434426,
        0.04372352, -0.0849191 , -0.03229266, -0.141536  ,  0.03786726,
       -0.05224727, -0.00993446,  0.01217853,  0.1073087 , -0.17249271,
        0.16249526, -0.01177204,  0.00484199, -0.00830385,  0.0341478 ,
       -0.06439318, -0.1019725 ,  0.08901983, -0.2157189 ,  0.13715577,
        0.15621816,  0.00582414,  0.16034473,  0.06199457,  0.06759816,
       -0.06049218, -0.0355638 , -0.18889777,  0.0156677 ,  0.11393336,
       -0.00170315,  0.09466267,  0.00670679]), array([-6.44992813e-02,  6.64624870e-02,  3.45463082e-02, -1.39199793e-01,
       -9.75081772e-02, -8.42181295e-02, -6.85493946e-02, -6.06166273e-02,
        2.08210021e-01, -1.86592445e-01,  1.82019725e-01, -4.86320928e-02,
       -1.05527028e-01, -2.26934738e-02, -1.50868185e-02,  1.25647038e-01,
       -1.87565699e-01, -1.47477224e-01,  5.01024351e-03, -2.88783684e-02,
        3.42394523e-02, -2.44070999e-02, -3.63461673e-04,  7.28756785e-02,
       -1.64473355e-01, -4.27746713e-01, -1.15486741e-01, -1.08282268e-01,
        4.86288518e-02, -4.66767475e-02,  1.96475368e-02,  1.28365591e-01,
       -2.50505537e-01, -4.17088941e-02,  2.07888782e-02,  1.11884549e-01,
       -2.51171365e-02, -3.60567123e-03,  1.64222166e-01,  6.58984557e-02,
       -1.97084278e-01, -7.80080035e-02,  1.92634240e-02,  2.15819538e-01,
        1.68370292e-01,  4.72188704e-02,  5.41257672e-02, -5.34940287e-02,
        5.22253066e-02, -2.00927228e-01,  5.27936332e-02,  1.05697788e-01,
        3.76220420e-02,  9.05528218e-02,  2.05168165e-02, -1.72873035e-01,
        6.76823780e-02,  7.71784261e-02, -2.55063593e-01,  5.21988645e-02,
        3.64700891e-02, -5.16366363e-02, -6.58273548e-02,  5.75778335e-02,
        3.13578486e-01,  1.65899098e-01, -7.85914212e-02, -1.68467239e-01,
        2.75142491e-01, -1.91201121e-01,  3.57322283e-02,  9.48548019e-02,
       -8.03091526e-02, -1.60067663e-01, -1.88814625e-01, -2.10970640e-02,
        3.29368204e-01,  1.58699781e-01, -1.46859303e-01,  5.49510866e-03,
       -1.40309915e-01, -2.72258520e-02,  8.53527337e-02,  4.38307784e-02,
       -5.25562614e-02,  4.54100072e-02, -4.76266593e-02,  2.62501352e-02,
        2.05217436e-01,  3.73824202e-02, -4.81334478e-02,  2.31411144e-01,
       -1.69061143e-02,  3.24039608e-02,  6.49274141e-02, -1.41456798e-02,
       -1.23442248e-01, -3.05914879e-02, -1.82164773e-01, -9.92421284e-02,
        1.08821932e-02, -4.07818034e-02, -7.11889416e-02,  1.76665500e-01,
       -1.93719000e-01,  1.63364232e-01, -3.62549387e-02, -5.41331321e-02,
       -4.09253612e-02,  7.66989291e-02, -1.03078119e-01, -1.32599145e-01,
        1.49581254e-01, -2.02722460e-01,  1.76909417e-01,  1.81020349e-01,
        4.29641679e-02,  1.72699049e-01,  7.87584260e-02,  3.50165889e-02,
        1.53524615e-02, -1.22258514e-01, -1.79909334e-01, -7.34825991e-03,
        2.98178084e-02, -5.40750436e-02,  3.87842134e-02, -1.83182061e-02]), array([-0.16257212,  0.02463806,  0.07607053, -0.05389689, -0.07781549,
       -0.03172405, -0.06767862, -0.1171364 ,  0.23688872, -0.13954541,
        0.13622732, -0.00419032, -0.1521344 ,  0.01683819, -0.0042454 ,
        0.13902512, -0.20142579, -0.14063887, -0.0138571 , -0.10767319,
       -0.0361812 ,  0.00118457,  0.0664335 ,  0.10393821, -0.21003802,
       -0.36985755, -0.06740475, -0.14475286, -0.02451601, -0.0167703 ,
        0.00639759,  0.07635321, -0.17514738,  0.0046091 ,  0.03239721,
        0.16604629,  0.00735033, -0.07842495,  0.18373093, -0.0762315 ,
       -0.24375395, -0.08511608,  0.08183314,  0.19482785,  0.19383723,
        0.04675825,  0.00464848, -0.04303923,  0.11898119, -0.20495963,
        0.06512234,  0.10943687,  0.03294963, -0.00744109,  0.06643774,
       -0.1937553 ,  0.00343281,  0.11888335, -0.1540125 , -0.00419659,
        0.01431852, -0.08673225,  0.00950793, -0.03001769,  0.25214949,
        0.15063247, -0.14309978, -0.02451459,  0.18879797, -0.15975083,
        0.02379854,  0.02770733, -0.13272956, -0.23743516, -0.2723783 ,
       -0.00498406,  0.44458404,  0.13207053, -0.10309831,  0.04087237,
       -0.02301737, -0.01278908,  0.02324377,  0.18935502, -0.09754802,
        0.00842556, -0.0230595 ,  0.0561944 ,  0.18837629,  0.06058231,
       -0.03043482,  0.15478963, -0.06604297, -0.00847539,  0.00190261,
        0.05873207, -0.12872784, -0.00148916, -0.12535357, -0.01530379,
        0.03742037, -0.01227328,  0.01357254,  0.13904493, -0.23778754,
        0.10606275, -0.01430346, -0.0758763 ,  0.02841285,  0.07341644,
       -0.0442904 , -0.07475686,  0.16419338, -0.22435924,  0.13499972,
        0.18189426, -0.00613117,  0.27296004,  0.02622766,  0.09687009,
        0.01680093,  0.00124773, -0.17502257, -0.03952986,  0.04173301,
       -0.06510518,  0.12499868,  0.05279186]), array([-0.09274705,  0.03496091,  0.05209361, -0.05321686, -0.03655647,
        0.00953857, -0.08183675, -0.07355918,  0.18653885, -0.18299936,
        0.15448821, -0.0426776 , -0.21409345,  0.05412399, -0.08900581,
        0.15518187, -0.13219048, -0.17389682,  0.00798178, -0.06312187,
        0.02614896, -0.02926458, -0.06023003,  0.13301694, -0.09757479,
       -0.36096972, -0.16297419, -0.0966067 , -0.02827508, -0.07576379,
       -0.05595931,  0.08354793, -0.12619178,  0.04819885,  0.04132676,
        0.09029981, -0.03711014, -0.04512569,  0.21169527,  0.04212593,
       -0.15767668, -0.07972135,  0.06246462,  0.27163202,  0.17380631,
        0.02611584,  0.00858831, -0.05530552,  0.10836942, -0.23032135,
        0.03452994,  0.21660426,  0.0921507 ,  0.1343957 ,  0.03032242,
       -0.15909705,  0.01966991,  0.08313364, -0.1231936 ,  0.09177922,
       -0.00938469, -0.15334463, -0.0649883 , -0.00922542,  0.23732278,
        0.1750607 , -0.13558701, -0.16606613,  0.25507373, -0.20291319,
       -0.03861562,  0.00386064, -0.16272931, -0.19854832, -0.21489348,
        0.01919428,  0.38507879,  0.17849368, -0.16840161,  0.08786951,
       -0.05669426, -0.01940276,  0.06127765,  0.16885096, -0.08148889,
        0.01315648, -0.04918417,  0.02662694,  0.1912308 ,  0.00806313,
       -0.02487987,  0.15257245, -0.05845557,  0.07673965,  0.08328981,
        0.05986069, -0.10080762, -0.06557084, -0.18825081, -0.05743886,
       -0.02848213, -0.03043032, -0.0266475 ,  0.13124743, -0.14484933,
        0.1448766 , -0.01521955, -0.04447877, -0.03474332,  0.10448836,
       -0.12755559, -0.08503452,  0.15912168, -0.1891561 ,  0.14783244,
        0.14986363,  0.03378112,  0.15474179,  0.08940796,  0.12982541,
        0.00845814, -0.08394468, -0.16489667, -0.04748743,  0.03155747,
        0.02258265, -0.00952908, -0.02944527]), array([-9.79420617e-02,  1.86535213e-02,  3.85142863e-02, -7.24397153e-02,
       -1.54357702e-01, -4.34898064e-02, -5.31544164e-02, -6.40341938e-02,
        2.61510760e-01, -2.66317040e-01,  1.54398158e-01, -4.74833548e-02,
       -1.47074282e-01,  9.63037610e-02, -1.45288885e-01,  1.94374770e-01,
       -1.74859524e-01, -1.68703452e-01,  1.24577917e-02, -8.69590491e-02,
        6.94709867e-02,  1.88017022e-02, -2.58527417e-02,  1.25739485e-01,
       -1.71502084e-01, -3.31010401e-01, -1.06768608e-01, -1.00883134e-01,
        9.91411507e-05, -3.32841389e-02, -2.25336552e-02,  7.72857442e-02,
       -1.71207517e-01,  4.43894416e-03, -1.99139845e-02,  8.52211118e-02,
        8.87947716e-03, -8.95318985e-02,  1.94371209e-01,  2.85268277e-02,
       -2.88405687e-01,  3.54727618e-02,  7.09577054e-02,  2.66572267e-01,
        1.20493002e-01,  5.38168289e-03,  1.08473413e-02, -1.01646565e-01,
        1.20441355e-01, -2.56257981e-01,  4.60451394e-02,  1.46740153e-01,
        5.66687807e-02,  2.55043618e-02,  4.66093421e-02, -1.01378918e-01,
        7.38447309e-02,  8.36877525e-02, -2.00149521e-01,  2.70981304e-02,
        7.36752674e-02, -1.02763018e-02,  6.20747283e-02, -2.74222232e-02,
        2.24572390e-01,  1.39096215e-01, -6.11947142e-02, -1.32888630e-01,
        2.25535318e-01, -2.64301866e-01, -5.74699938e-02,  5.65718822e-02,
       -9.35617834e-02, -2.27806851e-01, -2.37386405e-01, -7.36595225e-03,
        4.81254667e-01,  2.47157916e-01, -6.00931272e-02,  1.58066407e-01,
       -4.49362099e-02, -8.57691765e-02,  1.06947139e-01,  1.81644976e-01,
       -6.38963282e-03,  3.08871269e-02, -4.43202630e-02,  7.09367469e-02,
        2.68503428e-01,  1.25492550e-03, -3.33167017e-02,  2.22586185e-01,
        4.96545509e-02, -5.30125201e-03,  2.60658115e-02,  2.04010680e-02,
       -1.42278031e-01,  1.55846048e-02, -1.39562175e-01,  2.79159844e-03,
       -5.37500121e-02,  3.80173437e-02, -4.13023159e-02,  1.05902642e-01,
       -2.13847563e-01,  1.70379549e-01, -6.28542602e-02, -1.11941293e-01,
       -6.07990250e-02,  1.10307872e-01, -7.54796714e-02, -4.87400033e-02,
        1.20260008e-01, -1.83517829e-01,  1.15036868e-01,  1.37082413e-01,
        8.26349482e-02,  1.95414171e-01,  7.53727183e-02,  3.42119299e-02,
        5.83303981e-02, -7.45963454e-02, -2.09403306e-01, -7.25267977e-02,
        4.97984737e-02, -1.25199348e-01,  1.03687577e-01,  5.09586483e-02]), array([-0.15225983,  0.04794309,  0.09273773, -0.10381489, -0.13635466,
       -0.04763801, -0.11475395, -0.03736263,  0.18125974, -0.17784332,
        0.13156825, -0.04182838, -0.13281822,  0.05823172, -0.04216839,
        0.17591475, -0.1915213 , -0.09911961, -0.04117272, -0.1007019 ,
        0.04866897,  0.05643979, -0.04228862,  0.08170503, -0.1464538 ,
       -0.39972156, -0.07219552, -0.08976521,  0.02233208, -0.0619994 ,
       -0.04874204,  0.0317429 , -0.1687814 , -0.01055686,  0.01678587,
        0.14688982, -0.08866584, -0.09756182,  0.18342876,  0.01430247,
       -0.22272876, -0.0566374 ,  0.10757117,  0.19425918,  0.19561045,
        0.0556352 ,  0.03365523, -0.04632444,  0.15936728, -0.25330842,
       -0.0073802 ,  0.14673387,  0.01926323,  0.07527645,  0.10703389,
       -0.11607693,  0.04053496,  0.14719033, -0.15976343, -0.00050223,
        0.03997013, -0.13671574, -0.02554519, -0.02305478,  0.26721656,
        0.1233644 , -0.08798867, -0.08527897,  0.21604441, -0.15063557,
       -0.06156113,  0.01185082, -0.08380914, -0.17764539, -0.26491904,
        0.00774756,  0.38704711,  0.18340339, -0.07484964,  0.09969436,
       -0.03012814, -0.04308075,  0.10502882,  0.13625316, -0.0601618 ,
        0.00391281, -0.03666055,  0.07876986,  0.20498711,  0.01238435,
        0.049641  ,  0.14092995,  0.00352459,  0.06422558, -0.00203405,
        0.01832827, -0.19115324, -0.03333793, -0.13985693, -0.04867201,
        0.06907576,  0.04537723,  0.02101666,  0.15067273, -0.18481076,
        0.13190812, -0.03943563, -0.08674458, -0.0255639 ,  0.01914211,
       -0.0576727 , -0.03741533,  0.10122992, -0.16124398,  0.12975436,
        0.16497175, -0.00602129,  0.19442713,  0.10918649,  0.01070271,
        0.01117984, -0.0611829 , -0.22465654, -0.05206635,  0.07159895,
       -0.01965046,  0.07279231,  0.00490308]), array([-0.09776391,  0.07159095, -0.03221537, -0.03479424, -0.11136026,
        0.05620242, -0.07728636, -0.08764134,  0.21744424, -0.10426507,
        0.22256266, -0.0334916 , -0.23816584, -0.05215763, -0.0285361 ,
        0.10299116, -0.12444745, -0.19606099,  0.04999131, -0.02266392,
       -0.01633523, -0.0553896 ,  0.02512982,  0.11866992, -0.15815501,
       -0.40410554, -0.08123748, -0.16974141, -0.05671718, -0.08250876,
       -0.07243907,  0.09941815, -0.20449629, -0.04761618,  0.00692533,
        0.05769853, -0.04496999, -0.01485439,  0.1929709 , -0.00104015,
       -0.19355561, -0.05954369,  0.11048836,  0.25588563,  0.11959349,
        0.06787775,  0.00439636, -0.0611652 ,  0.10769053, -0.18212982,
        0.09652857,  0.19811353,  0.16516778,  0.02567971,  0.042583  ,
       -0.1270182 ,  0.00227389,  0.06189109, -0.18323107,  0.04339235,
        0.043121  ,  0.03109678, -0.04662403, -0.06132555,  0.28975835,
        0.16931264, -0.09897248, -0.08207969,  0.20499277, -0.12344979,
       -0.05117247,  0.06655905, -0.1539565 , -0.24994527, -0.21004961,
        0.04194704,  0.32299837,  0.11629422, -0.11619883,  0.01885201,
       -0.05391581, -0.06880659, -0.02027026,  0.08253254, -0.087564  ,
       -0.0377125 , -0.06274041,  0.04019862,  0.20672955,  0.01049389,
        0.01029102,  0.15056504, -0.01689432, -0.00774507,  0.03534808,
        0.11630514, -0.1272743 ,  0.01264754, -0.19244587, -0.01621463,
       -0.01162119, -0.01919032, -0.04433306,  0.11765453, -0.20973653,
        0.06222674,  0.00376095, -0.09461775, -0.00886263,  0.04369836,
       -0.07930771, -0.11097769,  0.0898212 , -0.24086617,  0.15726744,
        0.07084224,  0.06845697,  0.15545654,  0.01953832,  0.0530411 ,
        0.00712033, -0.10246368, -0.19957654, -0.09804291,  0.08669796,
       -0.04372271,  0.00171431,  0.00425179]), array([-8.66441727e-02,  6.68391436e-02, -2.47354247e-02, -7.33445734e-02,
       -4.23595905e-02,  6.99174553e-02, -3.20353322e-02, -3.25413458e-02,
        2.30156183e-01, -1.46341026e-01,  2.13302106e-01, -2.35574581e-02,
       -2.85409033e-01, -8.28878507e-02, -5.39771803e-02,  1.73178166e-01,
       -1.88883930e-01, -1.79774374e-01, -2.24144850e-03, -9.66215879e-03,
        8.97696912e-02,  3.45382839e-04, -4.88037914e-02,  1.42301798e-01,
       -1.66434914e-01, -4.69534665e-01, -2.47946363e-02, -5.31812310e-02,
       -6.09546266e-02, -8.81258771e-02, -4.55429405e-02,  1.03535682e-01,
       -2.54117757e-01,  8.50212201e-03,  1.64895393e-02,  1.15663975e-01,
       -2.83536687e-02, -9.38237235e-02,  1.58059388e-01,  8.15746039e-02,
       -2.12163180e-01, -7.27484971e-02,  1.09081008e-01,  2.72869587e-01,
        1.90979689e-01, -1.81631129e-02, -1.83949098e-02, -9.76736378e-03,
        1.17392272e-01, -3.34424019e-01, -9.14848875e-03,  1.80266917e-01,
        3.46677229e-02,  5.17549925e-02,  1.11140586e-01, -1.76224276e-01,
       -3.05163749e-02,  8.39339867e-02, -1.56370193e-01, -1.06692333e-02,
       -8.77171606e-02, -9.04205814e-02, -6.54183254e-02, -7.96156228e-02,
        2.25386158e-01,  1.01091832e-01, -1.28287703e-01, -1.00739352e-01,
        2.44479507e-01, -1.32197469e-01,  7.69310119e-03,  4.62128706e-02,
       -9.29570273e-02, -2.37513289e-01, -2.38182887e-01,  6.64509609e-02,
        4.08988416e-01,  1.87797368e-01, -1.65142015e-01,  1.19347766e-01,
       -4.85159755e-02, -5.02534881e-02,  6.19659871e-02,  1.47413328e-01,
        4.58418876e-02,  2.33970843e-02, -9.40711498e-02,  8.76420066e-02,
        1.61549553e-01,  5.27483560e-02,  6.61161728e-03,  2.37527192e-01,
       -4.78283875e-02,  5.95866516e-03,  7.79681504e-02,  6.12150133e-02,
       -1.66638523e-01, -8.32801498e-03, -2.17556655e-01, -6.65880144e-02,
        1.89235881e-02, -1.02883168e-02, -2.79967915e-02,  1.35746300e-01,
       -1.54141411e-01,  7.76421875e-02,  2.05126870e-02, -7.90397376e-02,
        4.06769961e-02,  2.82148365e-02, -8.07830244e-02, -7.12710470e-02,
        2.81985793e-02, -2.89848685e-01,  1.40944034e-01,  8.75730813e-02,
        1.92574877e-02,  2.04813883e-01,  3.64624038e-02,  5.27788624e-02,
        3.94346677e-02, -1.11532226e-01, -1.87745482e-01, -9.85704586e-02,
        2.87663639e-02, -9.51410830e-03, -3.83737497e-03, -6.93059936e-02])]